1. 15.09.2012 4,5,37,39,43,49
2. 18.09.2012 24,36,40,41,43,47
3. 20.09.2012 9,15,17,20,23,40
4. 22.09.2012 11,13,22,28,32,37
5. 25.09.2012 4,9,14,24,44,47
6. 27.09.2012 7,18,24,27,31,40
7. 29.09.2012 5,11,27,38,39,45
8. 02.10.2012 1,12,23,28,35,38
9. 04.10.2012 1,10,13,16,24,26
10. 06.10.2012 4,8,11,15,31,38
11. 09.10.2012 2,3,5,16,17,34
12. 11.10.2012 20,23,29,30,37,47
13. 13.10.2012 3,8,13,14,32,36
14. 16.10.2012 16,18,27,31,34,40
15. 18.10.2012 2,8,17,34,35,44
16. 20.10.2012 1,3,6,11,20,38
17. 23.10.2012 7,17,29,30,41,45
18. 25.10.2012 4,18,36,40,44,49
19. 27.10.2012 23,27,28,29,30,36
20. 30.10.2012 1,14,15,19,40,41
21. 01.11.2012 10,23,34,35,36,43
22. 03.11.2012 6,21,23,27,39,44
23. 06.11.2012 7,16,20,27,28,30
24. 08.11.2012 18,24,32,41,44,45
25. 10.11.2012 9,16,20,30,34,41
26. 13.11.2012 1,11,21,33,45,49
27. 15.11.2012 8,10,12,22,28,35
28. 17.11.2012 2,6,12,25,29,43
29. 20.11.2012 2,3,22,35,37,45
30. 22.11.2012 9,12,22,27,46,48
31. 24.11.2012 1,12,15,30,41,44
32. 27.11.2012 8,10,12,33,42,47
33. 29.11.2012 11,19,20,28,40,43
34. 01.12.2012 2,10,27,33,42,47
35. 04.12.2012 25,36,39,40,41,48
36. 06.12.2012 7,12,19,29,30,37
37. 08.12.2012 9,24,35,40,46,49
38. 11.12.2012 3,12,25,26,27,38
39. 13.12.2012 7,22,23,28,32,33
40. 15.12.2012 9,18,32,37,40,48
41. 18.12.2012 3,6,14,29,40,43
42. 20.12.2012 20,21,27,31,43,49
43. 22.12.2012 7,11,20,29,42,47
44. 25.12.2012 10,11,21,23,38,44
45. 27.12.2012 1,18,19,40,43,44
46. 29.12.2012 24,26,31,42,43,45
47. 01.01.2013 4,15,27,33,34,47
48. 03.01.2013 7,9,10,19,37,38
49. 05.01.2013 1,2,19,30,38,43
50. 08.01.2013 18,22,31,34,36,44
51. 10.01.2013 15,17,24,35,40,43
52. 12.01.2013 1,10,12,16,17,20
53. 15.01.2013 2,7,11,36,38,49
54. 17.01.2013 7,29,30,33,35,47
55. 19.01.2013 15,17,22,25,29,41
56. 22.01.2013 1,28,33,42,44,46
57. 24.01.2013 4,8,29,35,39,49
58. 26.01.2013 7,19,21,23,28,43
59. 29.01.2013 10,11,20,21,23,34
60. 31.01.2013 10,17,25,26,40,45
61. 02.02.2013 13,17,23,29,40,49
62. 05.02.2013 4,8,24,30,38,40
63. 07.02.2013 1,6,9,14,23,35
64. 09.02.2013 2,8,25,39,43,48
65. 12.02.2013 4,14,28,34,38,40
66. 14.02.2013 3,5,12,22,24,30
67. 16.02.2013 15,17,21,27,32,35
68. 19.02.2013 18,19,20,25,32,41
69. 21.02.2013 3,4,14,39,42,47
70. 23.02.2013 8,16,19,20,41,43
71. 26.02.2013 14,16,23,40,43,45
72. 28.02.2013 2,11,21,29,36,49
73. 02.03.2013 10,14,17,18,30,31
74. 05.03.2013 1,6,15,34,45,48
75. 07.03.2013 12,29,30,33,34,41
76. 09.03.2013 2,3,23,33,36,48
77. 12.03.2013 3,36,37,43,46,47
78. 14.03.2013 8,10,15,19,35,41
79. 16.03.2013 4,8,12,24,25,29
80. 19.03.2013 1,16,29,33,38,48
81. 21.03.2013 4,20,25,28,32,41
82. 23.03.2013 7,11,21,26,28,36
83. 26.03.2013 3,15,21,39,40,48
84. 28.03.2013 6,9,12,21,22,47
85. 30.03.2013 9,16,20,23,24,47
86. 02.04.2013 22,24,26,27,46,48
87. 04.04.2013 7,18,22,34,38,47
88. 06.04.2013 10,12,29,35,41,46
89. 09.04.2013 10,15,33,35,45,47
90. 11.04.2013 21,22,23,24,36,38
91. 13.04.2013 6,11,21,35,40,41
92. 16.04.2013 6,9,17,29,37,41
93. 18.04.2013 6,11,21,34,38,41
94. 20.04.2013 5,6,9,29,34,36
95. 23.04.2013 2,9,18,21,27,44
96. 25.04.2013 15,17,19,22,28,46
97. 27.04.2013 2,5,6,16,28,35
98. 30.04.2013 25,26,30,31,37,43
99. 02.05.2013 6,27,34,35,45,48
100. 04.05.2013 6,7,11,29,31,33
101. 07.05.2013 7,8,20,27,39,40
102. 09.05.2013 2,16,20,29,36,44
103. 11.05.2013 1,23,32,33,46,48
104. 14.05.2013 2,8,11,12,21,23
105. 16.05.2013 4,13,16,35,41,44
106. 18.05.2013 1,4,16,22,35,36
107. 21.05.2013 1,2,9,14,37,38
108. 23.05.2013 1,8,13,21,32,41
109. 25.05.2013 1,9,17,36,39,49
110. 28.05.2013 6,14,23,41,45,47
111. 30.05.2013 1,7,12,20,41,47
112. 01.06.2013 11,12,22,31,32,40
113. 04.06.2013 1,4,12,20,22,34
114. 06.06.2013 2,9,21,31,34,37
115. 08.06.2013 1,16,19,22,34,40
116. 11.06.2013 3,4,14,18,22,34
117. 13.06.2013 2,16,24,42,47,49
118. 15.06.2013 3,6,17,19,33,36
119. 18.06.2013 8,17,33,35,36,45
120. 20.06.2013 2,4,5,24,38,41
121. 22.06.2013 2,24,25,26,27,42
122. 25.06.2013 1,9,23,31,33,42
123. 27.06.2013 1,4,5,29,36,38
124. 29.06.2013 5,9,12,18,42,43
125. 02.07.2013 1,6,23,24,41,46
126. 04.07.2013 12,32,36,38,39,40
127. 06.07.2013 2,10,25,33,39,47
128. 09.07.2013 9,12,16,28,37,42
129. 11.07.2013 3,10,18,30,36,44
130. 13.07.2013 15,27,30,35,43,48
131. 16.07.2013 6,10,12,14,17,34
132. 18.07.2013 11,14,29,31,43,44
133. 20.07.2013 1,7,8,22,45,47
134. 23.07.2013 3,6,14,21,22,26
135. 25.07.2013 11,16,18,35,37,45
136. 27.07.2013 13,23,26,27,41,49
137. 30.07.2013 3,9,11,21,33,43
138. 01.08.2013 15,20,23,32,36,47
139. 03.08.2013 3,18,20,31,33,48
140. 06.08.2013 19,27,37,38,47,49
141. 08.08.2013 3,11,29,34,35,46
142. 10.08.2013 21,30,32,34,40,44
143. 13.08.2013 20,30,40,42,44,47
144. 15.08.2013 5,20,23,25,29,33
145. 17.08.2013 2,17,19,25,40,42
146. 20.08.2013 3,4,9,11,14,15
147. 22.08.2013 4,9,17,25,44,49
148. 24.08.2013 21,29,32,33,39,47
149. 27.08.2013 3,12,20,24,32,34
150. 29.08.2013 9,15,18,22,36,38
151. 31.08.2013 16,32,34,35,41,42
152. 03.09.2013 10,15,20,25,41,48
153. 05.09.2013 4,6,23,28,33,44
154. 07.09.2013 3,16,32,38,40,44
155. 10.09.2013 2,23,27,28,32,37
156. 12.09.2013 7,11,23,28,39,45
157. 14.09.2013 4,12,27,32,45,48
158. 17.09.2013 1,16,24,38,39,41
159. 19.09.2013 16,17,28,32,36,48
160. 21.09.2013 3,6,27,29,38,39
161. 24.09.2013 12,25,30,31,40,45
162. 26.09.2013 9,15,17,22,39,45
163. 28.09.2013 15,17,30,31,32,37
164. 01.10.2013 8,15,16,24,26,48
165. 03.10.2013 4,11,17,18,21,22
166. 05.10.2013 2,8,17,19,26,32
167. 08.10.2013 16,22,25,32,34,39
168. 10.10.2013 4,9,23,45,48,49
169. 12.10.2013 13,19,26,27,32,33
170. 15.10.2013 1,12,13,24,45,46
171. 17.10.2013 4,12,22,27,36,47
172. 19.10.2013 5,10,13,31,39,41
173. 22.10.2013 7,34,35,37,40,48
174. 24.10.2013 8,12,27,29,38,44
175. 26.10.2013 3,15,27,29,35,41
176. 29.10.2013 3,14,21,25,30,49
177. 31.10.2013 1,19,25,34,38,47
178. 02.11.2013 10,15,20,32,43,48
179. 05.11.2013 17,19,23,25,28,37
180. 07.11.2013 16,20,27,35,37,48
181. 09.11.2013 4,6,29,30,34,35
182. 12.11.2013 6,13,14,16,17,33
183. 14.11.2013 4,5,19,28,39,41
184. 16.11.2013 6,12,13,18,20,47
185. 19.11.2013 14,18,34,36,41,45
186. 21.11.2013 11,16,38,39,41,46
187. 23.11.2013 10,18,20,28,33,39
188. 26.11.2013 1,15,37,38,41,42
189. 28.11.2013 5,19,29,32,36,37
190. 30.11.2013 11,19,20,25,35,36
191. 03.12.2013 4,15,27,34,43,44
192. 05.12.2013 8,11,20,27,40,47
193. 07.12.2013 5,18,24,36,43,47
194. 10.12.2013 12,16,35,44,45,48
195. 12.12.2013 10,19,21,28,31,41
196. 14.12.2013 10,26,29,30,39,46
197. 17.12.2013 3,5,10,11,40,41
198. 19.12.2013 2,9,10,11,19,35
199. 21.12.2013 2,20,22,36,38,39
200. 24.12.2013 4,12,19,39,43,46
201. 26.12.2013 1,8,9,27,42,46
202. 28.12.2013 8,9,22,37,42,45
203. 31.12.2013 8,25,34,37,41,43
204. 02.01.2014 1,14,16,25,29,41
205. 04.01.2014 8,20,23,32,38,41
206. 07.01.2014 11,24,30,41,43,45
207. 09.01.2014 4,11,30,41,45,48
208. 11.01.2014 5,20,21,31,33,47
209. 14.01.2014 2,13,19,22,31,38
210. 16.01.2014 11,16,25,26,27,49
211. 18.01.2014 15,16,24,33,39,41
212. 21.01.2014 2,11,14,16,19,29
213. 23.01.2014 18,22,24,33,37,48
214. 25.01.2014 4,14,25,32,45,47
215. 28.01.2014 4,17,37,38,40,44
216. 30.01.2014 21,31,34,45,46,49
217. 01.02.2014 1,7,14,19,42,44
218. 04.02.2014 2,3,4,10,14,29
219. 06.02.2014 12,17,27,35,41,45
220. 08.02.2014 6,15,26,37,42,47
221. 11.02.2014 16,20,34,39,41,48
222. 13.02.2014 10,13,16,33,44,49
223. 15.02.2014 10,11,13,23,28,48
224. 18.02.2014 1,13,20,26,37,45
225. 20.02.2014 2,11,20,22,29,48
226. 22.02.2014 23,30,37,38,40,42
227. 25.02.2014 3,8,10,17,18,26
228. 27.02.2014 16,17,21,34,45,47
229. 01.03.2014 12,18,23,30,31,34
230. 04.03.2014 1,2,13,17,26,40
231. 06.03.2014 4,20,26,34,35,37
232. 08.03.2014 4,10,36,38,46,47
233. 11.03.2014 1,6,8,13,34,39
234. 13.03.2014 9,12,24,37,44,48
235. 15.03.2014 4,15,22,25,39,40
236. 18.03.2014 6,10,17,29,33,49
237. 20.03.2014 22,34,38,39,42,49
238. 22.03.2014 3,29,32,34,48,49
239. 25.03.2014 23,32,36,38,39,40
240. 27.03.2014 18,29,32,33,40,41
241. 29.03.2014 3,6,12,15,29,33
242. 01.04.2014 1,16,37,38,41,44
243. 03.04.2014 4,9,11,18,35,40
244. 05.04.2014 8,33,39,40,41,44
245. 08.04.2014 4,8,22,36,46,47
246. 10.04.2014 4,22,36,40,42,49
247. 15.04.2014 1,22,27,33,34,38
248. 17.04.2014 9,19,27,30,38,44
249. 19.04.2014 2,8,10,24,34,47
250. 22.04.2014 3,8,19,30,34,37
251. 24.04.2014 26,30,32,41,44,46
252. 26.04.2014 6,8,14,37,40,44
253. 29.04.2014 15,19,20,25,33,39
254. 01.05.2014 10,12,16,23,38,40
255. 03.05.2014 16,21,23,30,31,32
256. 06.05.2014 6,13,16,19,33,35
257. 08.05.2014 2,3,12,21,24,26
258. 10.05.2014 8,20,25,30,35,46
259. 13.05.2014 4,20,26,37,43,45
260. 15.05.2014 3,15,23,43,44,47
261. 17.05.2014 13,15,21,30,33,36
262. 20.05.2014 24,26,42,44,47,48
263. 22.05.2014 8,12,29,33,43,47
264. 24.05.2014 2,13,28,37,43,48
265. 27.05.2014 22,23,27,33,39,47
266. 29.05.2014 2,16,21,32,39,43
267. 31.05.2014 6,11,13,29,40,44
268. 03.06.2014 6,8,19,38,46,48
269. 05.06.2014 9,18,24,39,43,48
270. 07.06.2014 1,4,24,35,44,49
271. 10.06.2014 2,32,35,37,43,48
272. 12.06.2014 2,4,17,28,40,48
273. 14.06.2014 5,6,10,15,27,44
274. 17.06.2014 3,10,13,31,33,42
275. 19.06.2014 11,13,22,29,35,47
276. 21.06.2014 14,25,33,36,42,48
277. 24.06.2014 14,21,23,26,27,42
278. 26.06.2014 6,12,19,21,35,37
279. 28.06.2014 5,16,17,40,42,47
280. 01.07.2014 4,18,27,28,39,45
281. 03.07.2014 22,23,30,31,37,46
282. 05.07.2014 8,9,29,30,40,42
283. 08.07.2014 2,16,21,40,46,49
284. 10.07.2014 1,7,13,24,26,31
285. 12.07.2014 5,18,26,38,42,44
286. 15.07.2014 15,19,28,34,44,48
287. 17.07.2014 14,17,21,25,33,44
288. 19.07.2014 18,31,33,36,48,49
289. 22.07.2014 4,25,29,30,46,47
290. 24.07.2014 9,11,12,40,43,45
291. 26.07.2014 8,19,22,30,39,44
292. 29.07.2014 2,16,24,32,34,38
293. 31.07.2014 5,11,24,30,40,42
294. 02.08.2014 6,18,20,25,43,45
295. 05.08.2014 3,8,16,17,24,42
296. 07.08.2014 14,21,30,41,43,48
297. 09.08.2014 4,16,21,30,34,39
298. 12.08.2014 1,9,25,27,33,34
299. 14.08.2014 3,5,6,10,27,46
300. 16.08.2014 8,12,13,16,41,49
301. 19.08.2014 6,14,26,44,45,47
302. 21.08.2014 6,15,28,32,33,42
303. 23.08.2014 6,7,14,19,37,39
304. 26.08.2014 1,6,13,14,20,47
305. 28.08.2014 4,13,29,30,32,46
306. 30.08.2014 8,9,17,27,29,45
307. 02.09.2014 11,12,14,29,34,49
308. 04.09.2014 4,7,9,23,28,32
309. 06.09.2014 8,17,22,34,38,47
310. 09.09.2014 1,8,23,38,40,46
311. 11.09.2014 1,8,20,30,33,40
312. 13.09.2014 12,19,29,32,43,47
313. 16.09.2014 5,17,21,25,29,46
314. 18.09.2014 1,6,11,16,44,49
315. 20.09.2014 2,11,15,41,45,47
316. 23.09.2014 4,22,23,27,39,43
317. 25.09.2014 8,10,12,27,30,48
318. 27.09.2014 6,8,12,24,26,46
319. 30.09.2014 8,25,39,42,47,49
320. 02.10.2014 1,8,9,25,31,47
321. 04.10.2014 2,5,8,19,21,25
322. 07.10.2014 3,9,12,22,32,49
323. 09.10.2014 8,21,23,25,26,39
324. 11.10.2014 4,5,21,22,28,46
325. 14.10.2014 4,5,8,14,16,34
326. 16.10.2014 3,8,18,21,29,49
327. 18.10.2014 10,23,36,38,40,46
328. 21.10.2014 10,11,22,29,36,42
329. 23.10.2014 8,14,28,29,32,38
330. 25.10.2014 7,8,12,19,22,36
331. 28.10.2014 5,10,20,27,39,46
332. 30.10.2014 10,15,16,22,40,46
333. 01.11.2014 9,17,22,24,39,48
334. 04.11.2014 16,18,22,30,33,43
335. 06.11.2014 7,17,18,26,35,39
336. 08.11.2014 8,13,23,37,39,46
337. 11.11.2014 7,17,19,23,39,44
338. 13.11.2014 5,10,11,17,19,21
339. 15.11.2014 5,7,13,26,34,48
340. 18.11.2014 17,18,30,35,47,48
341. 20.11.2014 8,13,17,19,27,44
342. 22.11.2014 2,16,24,27,30,48
343. 25.11.2014 9,12,20,40,45,48
344. 27.11.2014 13,21,26,36,42,43
345. 29.11.2014 2,8,23,31,32,34
346. 02.12.2014 1,3,15,17,18,34
347. 04.12.2014 1,3,13,29,31,49
348. 06.12.2014 12,19,25,29,36,38
349. 09.12.2014 2,7,19,31,38,39
350. 11.12.2014 14,24,28,29,31,38
351. 13.12.2014 4,25,27,29,32,43
352. 16.12.2014 13,27,32,36,46,47
353. 18.12.2014 8,19,32,43,46,48
354. 20.12.2014 16,32,33,36,39,47
355. 23.12.2014 5,20,25,28,39,40
356. 25.12.2014 1,6,22,25,42,46
357. 27.12.2014 4,8,28,30,48,49
358. 30.12.2014 7,9,29,32,36,41
359. 01.01.2015 10,16,36,37,40,42
360. 03.01.2015 2,8,17,29,37,45
361. 06.01.2015 3,17,18,31,36,40
362. 08.01.2015 6,8,12,23,26,33
363. 10.01.2015 13,15,26,28,40,42
364. 13.01.2015 8,12,19,21,33,35
365. 15.01.2015 2,8,11,21,22,24
366. 17.01.2015 8,11,20,23,35,42
367. 20.01.2015 2,5,14,15,30,44
368. 22.01.2015 16,18,24,34,43,44
369. 24.01.2015 9,11,16,22,36,48
370. 27.01.2015 1,2,17,21,26,34
371. 29.01.2015 6,15,23,25,32,43
372. 31.01.2015 5,6,25,26,39,48
373. 03.02.2015 1,18,21,28,37,40
374. 05.02.2015 3,4,5,9,43,49
375. 07.02.2015 11,14,30,36,39,46
376. 10.02.2015 6,7,9,22,25,30
377. 12.02.2015 9,14,17,24,25,30
378. 14.02.2015 3,14,22,33,39,43
379. 17.02.2015 4,12,14,17,39,46
380. 19.02.2015 8,11,22,34,42,46
381. 21.02.2015 9,26,28,31,34,39
382. 24.02.2015 13,14,18,37,41,44
383. 26.02.2015 12,15,18,34,40,42
384. 28.02.2015 1,11,16,28,31,32
385. 03.03.2015 11,27,32,33,40,42
386. 05.03.2015 1,7,8,21,42,47
387. 07.03.2015 2,12,32,34,46,47
388. 10.03.2015 5,10,20,28,35,47
389. 12.03.2015 5,11,12,15,20,23
390. 14.03.2015 7,16,20,29,31,40
391. 17.03.2015 1,5,13,15,38,43
392. 19.03.2015 14,18,26,29,48,49
393. 21.03.2015 2,10,12,29,39,45
394. 24.03.2015 15,19,24,26,29,48
395. 26.03.2015 3,7,16,21,31,33
396. 28.03.2015 6,23,29,37,38,45
397. 31.03.2015 19,31,35,40,43,44
398. 02.04.2015 3,10,19,20,36,44
399. 04.04.2015 7,13,17,20,34,47
400. 07.04.2015 6,16,31,38,39,43
401. 09.04.2015 4,8,10,16,39,48
402. 11.04.2015 2,9,32,41,44,47
403. 14.04.2015 7,8,16,26,27,33
404. 16.04.2015 3,20,28,36,40,41
405. 18.04.2015 1,5,13,17,29,44
406. 21.04.2015 5,13,17,27,28,42
407. 23.04.2015 3,4,6,17,21,29
408. 25.04.2015 4,6,10,24,45,46
409. 28.04.2015 6,16,17,29,33,39
410. 30.04.2015 1,10,19,25,26,41
411. 02.05.2015 8,10,12,21,25,36
412. 05.05.2015 3,9,17,43,46,47
413. 07.05.2015 2,9,17,40,41,43
414. 09.05.2015 12,18,21,35,37,39
415. 12.05.2015 3,4,5,39,41,48
416. 14.05.2015 4,16,18,35,39,44
417. 16.05.2015 1,18,23,27,38,49
418. 19.05.2015 6,16,19,23,31,49
419. 21.05.2015 3,11,18,20,35,38
420. 23.05.2015 4,6,16,17,19,30
421. 26.05.2015 4,13,17,18,38,40
422. 28.05.2015 6,8,9,20,22,48
423. 30.05.2015 10,15,16,21,24,41
424. 02.06.2015 6,13,18,24,38,44
425. 04.06.2015 1,2,16,26,27,38
426. 06.06.2015 3,6,14,32,46,47
427. 09.06.2015 2,11,13,27,36,38
428. 11.06.2015 11,20,26,30,32,35
429. 13.06.2015 4,6,16,24,46,49
430. 16.06.2015 18,24,29,32,34,44
431. 18.06.2015 14,21,25,28,29,38
432. 20.06.2015 9,13,15,23,30,39
433. 23.06.2015 1,9,20,27,34,37
434. 25.06.2015 8,14,24,25,37,46
435. 27.06.2015 5,18,19,28,38,46
436. 30.06.2015 5,21,25,28,36,37
437. 02.07.2015 1,10,28,44,45,48
438. 04.07.2015 8,14,15,18,35,46
439. 07.07.2015 5,7,10,18,43,44
440. 09.07.2015 16,21,26,35,48,49
441. 11.07.2015 10,17,34,37,40,42
442. 14.07.2015 7,19,31,34,40,48
443. 16.07.2015 10,18,23,35,42,43
444. 18.07.2015 3,8,13,21,27,49
445. 21.07.2015 2,4,8,9,15,35
446. 23.07.2015 1,4,15,17,31,41
447. 25.07.2015 28,31,42,43,47,49
448. 28.07.2015 2,12,20,35,40,44
449. 30.07.2015 11,30,31,33,36,45
450. 01.08.2015 1,4,12,18,29,47
451. 04.08.2015 10,16,30,34,39,43
452. 06.08.2015 3,35,41,44,45,49
453. 08.08.2015 2,18,38,41,46,49
454. 11.08.2015 6,9,28,31,32,49
455. 13.08.2015 10,15,22,26,32,42
456. 15.08.2015 10,11,15,28,39,42
457. 18.08.2015 1,4,9,19,48,49
458. 20.08.2015 5,8,20,25,28,41
459. 22.08.2015 2,15,19,33,35,41
460. 25.08.2015 1,9,33,34,46,47
461. 27.08.2015 8,30,32,33,39,44
462. 29.08.2015 8,22,29,41,43,49
463. 01.09.2015 9,10,18,28,40,49
464. 03.09.2015 1,2,22,34,36,37
465. 05.09.2015 6,23,24,30,32,49
466. 08.09.2015 5,8,32,37,39,49
467. 10.09.2015 7,11,14,22,40,44
468. 12.09.2015 16,25,27,32,45,47
469. 15.09.2015 1,20,33,36,42,49
470. 17.09.2015 2,5,8,18,23,42
471. 19.09.2015 1,18,19,26,36,44
472. 22.09.2015 20,23,26,28,39,40
473. 24.09.2015 9,11,12,14,18,30
474. 26.09.2015 9,26,28,30,40,47
475. 29.09.2015 6,11,15,20,22,29
476. 01.10.2015 4,21,24,27,44,49
477. 03.10.2015 2,10,11,24,38,39
478. 06.10.2015 3,18,29,37,40,43
479. 08.10.2015 7,13,34,40,42,45
480. 10.10.2015 8,13,23,32,33,47
481. 13.10.2015 6,9,18,47,48,49
482. 15.10.2015 5,8,11,12,38,44
483. 17.10.2015 8,10,15,17,37,42
484. 20.10.2015 3,7,16,19,45,49
485. 22.10.2015 2,11,13,17,29,33
486. 24.10.2015 8,27,33,36,39,49
487. 27.10.2015 6,21,26,32,35,45
488. 29.10.2015 5,11,14,30,37,45
489. 31.10.2015 9,13,15,26,48,49
490. 03.11.2015 12,35,36,37,41,48
491. 05.11.2015 3,5,8,15,17,35
492. 07.11.2015 2,10,14,15,38,45
493. 10.11.2015 6,14,19,31,34,48
494. 12.11.2015 8,11,15,20,22,32
495. 14.11.2015 4,6,12,26,35,43
496. 17.11.2015 13,17,24,30,33,34
497. 19.11.2015 5,9,10,41,43,44
498. 21.11.2015 3,7,26,36,39,47
499. 24.11.2015 5,6,16,21,31,36
500. 26.11.2015 5,16,18,32,41,47
501. 28.11.2015 2,23,29,38,39,46
502. 01.12.2015 23,25,30,31,40,44
503. 03.12.2015 1,11,14,21,23,32
504. 05.12.2015 2,11,12,26,32,40
505. 08.12.2015 17,27,28,40,41,46
506. 10.12.2015 6,21,22,29,40,46
507. 12.12.2015 4,6,12,14,18,24
508. 15.12.2015 10,11,16,22,42,44
509. 17.12.2015 1,7,10,13,29,33
510. 19.12.2015 10,11,32,35,44,45
511. 22.12.2015 3,14,17,26,31,44
512. 24.12.2015 17,19,22,25,29,49
513. 26.12.2015 8,22,24,28,30,33
514. 29.12.2015 16,22,25,26,37,44
515. 31.12.2015 1,6,20,33,41,48
516. 02.01.2016 16,23,29,36,37,45
517. 05.01.2016 4,14,20,26,27,35
518. 07.01.2016 5,9,11,16,45,49
519. 09.01.2016 1,4,16,23,25,30
520. 12.01.2016 7,18,27,29,47,49
521. 14.01.2016 12,13,15,24,25,33
522. 16.01.2016 20,21,29,40,46,48
523. 19.01.2016 3,17,28,31,32,34
524. 21.01.2016 17,25,34,37,41,46
525. 23.01.2016 13,14,20,31,42,45
526. 26.01.2016 11,20,23,28,29,34
527. 28.01.2016 16,17,18,21,25,26
528. 30.01.2016 8,15,28,43,45,46
529. 02.02.2016 4,14,17,25,29,44
530. 04.02.2016 7,13,20,34,40,41
531. 06.02.2016 3,15,22,27,32,46
532. 09.02.2016 7,21,23,30,35,48
533. 11.02.2016 12,17,18,31,32,38
534. 13.02.2016 18,20,24,29,33,42
535. 16.02.2016 18,21,23,30,32,41
536. 18.02.2016 1,8,15,18,23,26
537. 20.02.2016 17,24,29,35,37,47
538. 23.02.2016 14,24,30,34,35,44
539. 25.02.2016 11,17,24,32,43,45
540. 27.02.2016 13,17,22,26,42,46
541. 01.03.2016 5,9,10,28,44,46
542. 03.03.2016 24,28,30,31,43,49
543. 05.03.2016 16,26,27,28,35,43
544. 08.03.2016 5,13,14,18,20,41
545. 10.03.2016 6,14,16,28,30,47
546. 12.03.2016 2,12,23,32,39,42
547. 15.03.2016 6,22,29,47,48,49
548. 17.03.2016 7,22,26,31,35,44
549. 19.03.2016 7,15,21,34,39,48
550. 22.03.2016 5,10,21,27,41,44
551. 24.03.2016 5,22,26,35,38,43
552. 26.03.2016 5,14,22,26,45,47
553. 29.03.2016 8,10,11,12,21,30
554. 31.03.2016 1,8,10,14,25,34
555. 02.04.2016 11,16,19,20,30,37
556. 05.04.2016 21,32,38,43,48,49
557. 07.04.2016 5,11,20,24,34,41
558. 09.04.2016 2,21,26,37,38,47
559. 12.04.2016 12,14,26,30,34,45
560. 14.04.2016 12,21,28,33,37,44
561. 16.04.2016 1,13,21,32,43,44
562. 19.04.2016 2,10,25,26,33,41
563. 21.04.2016 1,2,8,26,31,38
564. 23.04.2016 8,9,14,18,22,39
565. 26.04.2016 10,25,27,32,37,39
566. 28.04.2016 13,20,23,27,38,41
567. 30.04.2016 3,10,12,23,24,43
568. 03.05.2016 18,29,41,46,47,49
569. 05.05.2016 12,15,24,27,31,43
570. 07.05.2016 11,12,15,28,37,49
571. 10.05.2016 8,9,25,29,36,44
572. 12.05.2016 1,19,22,39,44,47
573. 14.05.2016 26,37,38,41,45,47
574. 17.05.2016 8,11,28,35,37,46
575. 19.05.2016 6,12,18,30,34,39
576. 21.05.2016 8,31,38,40,41,42
577. 24.05.2016 1,12,18,19,22,35
578. 26.05.2016 6,14,23,29,43,44
579. 28.05.2016 5,11,23,35,41,46
580. 31.05.2016 7,18,26,29,36,39
581. 02.06.2016 7,17,30,35,36,39
582. 04.06.2016 5,19,24,33,38,46
583. 07.06.2016 7,10,12,22,43,44
584. 09.06.2016 14,17,19,22,31,40
585. 11.06.2016 11,24,27,28,32,40
586. 14.06.2016 6,9,17,28,39,47
587. 16.06.2016 6,11,27,32,43,48
588. 18.06.2016 6,24,29,44,47,48
589. 21.06.2016 8,16,23,28,30,45
590. 23.06.2016 13,17,23,24,31,33
591. 25.06.2016 15,22,24,27,29,34
592. 28.06.2016 3,4,9,13,25,47
593. 30.06.2016 5,12,14,20,27,43
594. 02.07.2016 1,4,6,26,36,44
595. 05.07.2016 1,9,18,23,36,49
596. 07.07.2016 4,13,25,38,45,48
597. 09.07.2016 3,4,16,19,34,39
598. 12.07.2016 2,3,7,17,26,44
599. 14.07.2016 2,6,15,21,29,37
600. 16.07.2016 16,22,41,45,48,49
601. 19.07.2016 2,3,25,30,31,38
602. 21.07.2016 7,8,10,16,22,25
603. 23.07.2016 2,10,26,30,48,49
604. 26.07.2016 2,12,24,28,31,47
605. 28.07.2016 7,16,21,24,29,46
606. 30.07.2016 19,26,33,38,46,47
607. 02.08.2016 4,5,6,18,44,49
608. 04.08.2016 8,12,16,26,35,45
609. 06.08.2016 4,9,15,28,36,39
610. 09.08.2016 8,13,16,19,27,44
611. 11.08.2016 3,18,22,25,30,45
612. 13.08.2016 12,14,19,24,37,47
613. 16.08.2016 14,20,23,32,40,41
614. 18.08.2016 21,24,41,46,47,49
615. 20.08.2016 11,19,21,22,27,42
616. 23.08.2016 9,11,16,28,38,40
617. 25.08.2016 5,15,20,25,40,49
618. 27.08.2016 2,15,16,28,39,41
619. 30.08.2016 7,9,16,23,27,42
620. 01.09.2016 18,21,28,42,47,48
621. 03.09.2016 2,5,10,23,31,32
622. 06.09.2016 17,22,31,44,48,49
623. 08.09.2016 4,16,19,21,28,49
624. 10.09.2016 3,15,17,38,43,47
625. 13.09.2016 15,17,26,33,35,40
626. 15.09.2016 10,11,15,22,26,41
